1	MBM	0	0	0	0	100
2	IST	0	1	0	0	20
3	CIM	1	0	0	0	100
4	GIK	0	0	0	1	100
5	ISS	1	0	1	0	100
6	INA	0	1	0	0	100

NOT ALL PASSING:

ILE	STACK			SORT
100	0.38633203506469727	0.3781588077545166
100	0.40552258491516113	0.28852128982543945
200	0.8418927192687988	0.5615854263305664	
200	1.2500503063201904	0.5885169506072998 s
200	0.7066311836242676	0.46242403984069824 s
200	0.6056492328643799	0.4183170795440674 s
300	1.3613083362579346	0.8082351684570312 s
300	1.1710450649261475	0.9334180355072021 s
400	2.4069910049438477	1.591029167175293
500	2.7120914459228516	1.6405115127563477
500	1.7548370361328125	1.1825368404388428
600	4.446422576904297	2.97725772857666
700	3.5284032821655273	2.1281046867370605
800	6.61358642578125	4.290579557418823
900	4.670132160186768	2.9656431674957275
1000	8.761940717697144	5.232318639755249
2000	13.558594703674316	6.6743810176849365	
5000	44.941625118255615	14.584026098251343
10000	106.07111310958862	18.46229386329651

ILE	GENERATE		CALCULATE
400	69.8414032459259	5.622621297836304
500	71.9903392791748	6.265093088150024
500	76.67324829101562	4.779878377914429
600	124.19705367088318	10.910762786865234
700	137.10022473335266	12.599276781082153
800	159.93529295921326	13.658890724182129
900	149.071448802948	11.761779308319092
1000	196.5189926624298	18.037947177886963
2000	346.50482058525085	28.666502237319946
5000	907.9891200065613	71.19116353988647
10000	1561.3377742767334	129.46985149383545

ALL PASSING:

ILE	STACK			SORT
100	0.9002511501312256	0.9121050834655762
200	1.504396915435791	1.4402611255645752
300	3.461622714996338	3.1075186729431152
400	4.85834527015686	3.9158873558044434
500	7.270811319351196	7.028167486190796
600	7.20874810218811	7.747921705245972

ILE	GENERATE		CALCULATE
100	16.08634352684021	2.3867440223693848
200	33.555139780044556	3.9238057136535645
300	53.071406841278076	7.116247653961182
400	71.62475657463074	10.183457374572754
500	92.5546441078186	13.691067457199097
600	115.43396377563477	16.310799837112427

ALL PASING AND DIFFERENT PREFERENCES:

ILE	STACK			SORT
100	0.6919784545898438	0.6904754638671875
200	2.757981538772583	2.0007808208465576
300	4.202615976333618	3.253767967224121
400	7.977206707000732	6.057079792022705
500	8.274916172027588	7.406894683837891
600	10.753228902816772	8.678742170333862
15000	376.3652582168579	111.19466161727905

ILE	GENERATE		CALCULATE
100				2.818272829055786
200	47.98968768119812	6.482441425323486
300				9.481289625167847
400	97.91416597366333	12.572553157806396
500	122.43133473396301	16.942429065704346
600	145.9109673500061	20.07874822616577
15000	3731.2446460723877	341.8811192512512